0 1
1 1.0000373
2 1.0000809
3 1.0001303
4 1.0001841
5 1.0002407
6 1.0003
7 1.0003617
8 1.0004227
9 1.000481
10 1.0005314
11 1.0005655
12 1.0005727
13 1.0005447
14 1.0004804
15 1.0002648
16 1.0001628
17 1.0000418
18 0.99988845
19 0.99944564
20 0.99919192
21 0.99887692
22 0.99850788
23 0.99809306
24 0.99762979
25 0.99711322
26 0.99653768
27 0.99590111
28 0.99494538
29 0.99423086
30 0.99351917
31 0.9928436
32 0.99220335
33 0.99151321
34 0.99074634
35 0.98984396
36 0.98882926
37 0.98781915
38 0.98680942
39 0.98577648
40 0.98469649
41 0.98357745
42 0.9824135
43 0.98124611
44 0.98007807
45 0.97888976
46 0.97770165
47 0.97649086
48 0.97526367
49 0.97403944
50 0.9727989
51 0.97154747
52 0.97028886
53 0.96901097
54 0.96770974
55 0.96638184
56 0.96502534
57 0.96364436
58 0.96225818
59 0.96088314
60 0.96001413
61 0.95882979
62 0.95771207
63 0.95663301
64 0.95557897
65 0.95455649
66 0.95358608
67 0.95268656
68 0.95185918
69 0.95109226
70 0.95035564
71 0.94961598
72 0.94885015
73 0.94804704
74 0.94720949
75 0.94634531
76 0.9454642
77 0.9445732
78 0.94367802
79 0.94278154
80 0.94188772
81 0.94099863
82 0.94012119
83 0.93926457
84 0.93843678
85 0.93764762
86 0.93690233
87 0.93620391
88 0.93555123
89 0.93494272
90 0.93438125
91 0.93386486
92 0.933395
93 0.93297417
94 0.93260144
95 0.9322803
96 0.93201269
97 0.93179898
98 0.9316408
99 0.9315394
100 0.93148972
101 0.93148794
102 0.93153189
103 0.9316158
104 0.93173427
105 0.93188514
106 0.93206696
107 0.93227237
108 0.93250089
109 0.93275031
110 0.93301717
111 0.93330134
112 0.93360436
113 0.93392833
114 0.93427607
115 0.93465146
116 0.93505596
117 0.93549112
118 0.93595972
119 0.93646052
120 0.93699309
121 0.93755777
122 0.93815657
123 0.93878861
124 0.9394502
125 0.94013946
126 0.94085499
127 0.94159578
128 0.94235994
129 0.94314606
130 0.94395338
131 0.9447813
132 0.9456292
133 0.94649723
134 0.9473853
135 0.94829216
136 0.94921663
137 0.950158
138 0.95111613
139 0.95209161
140 0.95308514
141 0.95409737
142 0.95512766
143 0.95617475
144 0.95723678
145 0.95831218
146 0.95940007
147 0.96049933
148 0.96161027
149 0.96273446
150 0.96387397
151 0.96502869
152 0.96619453
153 0.96736757
154 0.96854212
155 0.96971549
156 0.97088081
157 0.97203574
158 0.97318351
159 0.97432379
160 0.97546162
161 0.97659794
162 0.97773416
163 0.97887254
164 0.98001003
165 0.98114621
166 0.98227849
167 0.98340058
168 0.98450901
169 0.98559699
170 0.98665665
171 0.98768375
172 0.98867414
173 0.98962728
174 0.99054761
175 0.99144116
176 0.99231384
177 0.99317199
178 0.9940208
179 0.99485967
180 0.99568644
181 0.99649879
182 0.99729158
183 0.99806054
184 0.99880297
185 0.99951645
186 1.0002026
187 1.0008638
188 1.0015019
189 1.0021191
190 1.0027174
191 1.0032967
192 1.0038554
193 1.0043905
194 1.004898
195 1.0053734
196 1.0058133
197 1.006215
198 1.0065773
199 1.0069004
200 1.0071849
201 1.0074317
202 1.0076406
203 1.0078118
204 1.0079415
205 1.0080278
206 1.0080679
207 1.008059
208 1.0079988
209 1.0078864
210 1.0077222
211 1.0075079
212 1.0072452
213 1.0069355
214 1.0065815
215 1.0061853
216 1.005747
217 1.0052655
218 1.0047394
219 1.0041674
220 1.003548
221 1.0028798
222 1.0021613
223 1.0013917
224 1.0005706
225 0.9996978
226 0.99877398
227 0.99780092
228 0.99678146
229 0.99571905
230 0.99461718
231 0.99347914
232 0.99230808
233 0.99110703
234 0.98987838
235 0.9886237
236 0.98734507
237 0.98604434
238 0.98472348
239 0.98338496
240 0.98203093
241 0.98066349
242 0.97928427
243 0.97789433
244 0.9764946
245 0.97508576
246 0.97366873
247 0.9722447
248 0.97066237
249 0.96923165
250 0.96780026
251 0.96637124
252 0.96494724
253 0.96352887
254 0.9621163
255 0.96070848
256 0.95930551
257 0.95791018
258 0.95652689
259 0.95516098
260 0.95381753
261 0.95250016
262 0.95121101
263 0.9499499
264 0.94871654
265 0.9475096
266 0.94632882
267 0.94517373
268 0.94404635
269 0.94294735
270 0.94187647
271 0.94083435
272 0.93982191
273 0.93884091
274 0.93789345
275 0.93698218
276 0.93610906
277 0.93527448
278 0.9344779
279 0.93371862
280 0.93299646
281 0.93231277
282 0.93166827
283 0.93106405
284 0.9305004
285 0.92997693
286 0.92949299
287 0.92904772
288 0.92864076
289 0.92827216
290 0.92794256
291 0.92765352
292 0.92740644
293 0.92720291
294 0.92704487
295 0.92693261
296 0.92632633
297 0.92637198
298 0.92645728
299 0.92655454
300 0.92666861
301 0.9268124
302 0.92699796
303 0.9272333
304 0.92752142
305 0.92785926
306 0.92824023
307 0.92865748
308 0.92910428
309 0.92957821
310 0.93007993
311 0.93061272
312 0.93118031
313 0.93178461
314 0.93242567
315 0.93310059
316 0.93380413
317 0.93453265
318 0.93528442
319 0.93605836
320 0.93685478
321 0.93767369
322 0.93851335
323 0.93937327
324 0.94025273
325 0.94115098
326 0.94206714
327 0.94299987
328 0.94394813
329 0.94491377
330 0.94589581
331 0.9468944
332 0.94790942
333 0.9489402
334 0.94998614
335 0.95104674
336 0.95212152
337 0.95320958
338 0.95430917
339 0.95541764
340 0.9565324
341 0.95765171
342 0.95877236
343 0.95989367
344 0.96101584
345 0.96213943
346 0.96326487
347 0.96439209
348 0.96552065
349 0.96664978
350 0.96777854
351 0.96890587
352 0.97003056
353 0.97115142
354 0.97226731
355 0.97337606
356 0.97447626
357 0.97556675
358 0.9766468
359 0.97771611
360 0.97877484
361 0.97982338
362 0.9808621
363 0.98189121
364 0.98291062
365 0.98391994
366 0.98491851
367 0.98590553
368 0.98688114
369 0.98784371
370 0.98879229
371 0.98972609
372 0.99064426
373 0.99154586
374 0.99242996
375 0.99329571
376 0.99414244
377 0.99496974
378 0.99577716
379 0.99656527
380 0.99733243
381 0.99807677
382 0.99879653
383 0.99948965
384 1.0001541
385 1.0007878
386 1.0013892
387 1.0019569
388 1.0024899
389 1.0029872
390 1.0034482
391 1.0038714
392 1.0042565
393 1.0046029
394 1.0049107
395 1.0051791
396 1.0054057
397 1.0055899
398 1.0057308
399 1.005827
400 1.0058772
401 1.0058796
402 1.0058328
403 1.0057359
404 1.0055887
405 1.0053909
406 1.0051418
407 1.0048421
408 1.0044919
409 1.0040917
410 1.0036427
411 1.0031447
412 1.0025995
413 1.0020106
414 1.0013754
415 1.0006954
416 0.99997141
417 0.999205
418 0.99839769
419 0.99755137
420 0.99666767
421 0.99574821
422 0.99479443
423 0.99380773
424 0.99278951
425 0.99174108
426 0.99066413
427 0.98956172
428 0.98843802
429 0.98729141
430 0.98612413
431 0.98493838
432 0.98373649
433 0.98252067
434 0.98129304
435 0.98005549
436 0.97880974
437 0.97755734
438 0.97629973
439 0.97503842
440 0.973775
441 0.97251114
442 0.97124863
443 0.96999163
444 0.96874102
445 0.96749677
446 0.96626092
447 0.96503509
448 0.96382013
449 0.96261782
450 0.96143012
451 0.96025807
452 0.95910278
453 0.95796507
454 0.95684608
455 0.95574696
456 0.9546695
457 0.95361497
458 0.95258288
459 0.95157453
460 0.95059091
461 0.949635
462 0.94870361
463 0.94779745
464 0.94691758
465 0.94606443
466 0.94523842
467 0.94444048
468 0.94367118
469 0.94293092
470 0.94222021
471 0.94153952
472 0.9408893
473 0.94027012
474 0.93968239
475 0.93912624
476 0.93860161
477 0.93810848
478 0.93764661
479 0.93721569
480 0.93681574
481 0.9364465
482 0.9361077
483 0.9358011
484 0.93552532
485 0.93527961
486 0.93506347
487 0.93487642
488 0.93471756
489 0.93458695
490 0.93448484
491 0.93441047
492 0.9343637
493 0.93434515
494 0.93435452
495 0.93439124
496 0.93445558
497 0.93454537
498 0.93465908
499 0.93479604
500 0.93495569
501 0.93513796
502 0.93534327
503 0.93557301
504 0.93582538
505 0.93610003
506 0.93639651
507 0.93671439
508 0.93705345
509 0.93741356
510 0.9377945
511 0.93819598
512 0.9386174
513 0.93905798
514 0.93951676
515 0.93999295
516 0.94048589
517 0.94099536
518 0.94152133
519 0.94206371
520 0.94262234
521 0.94319684
522 0.94378642
523 0.94439031
524 0.94500804
525 0.94563722
526 0.94627694
527 0.94692685
528 0.94758706
529 0.94825778
530 0.94893948
531 0.94963279
532 0.95033813
533 0.95105573
534 0.95178519
535 0.95252624
536 0.95327868
537 0.95404122
538 0.95481452
539 0.95559776
540 0.95638944
541 0.95718941
542 0.95799741
543 0.95881286
544 0.95963524
545 0.96046407
546 0.96129876
547 0.96213897
548 0.96298834
549 0.96384361
550 0.96470452
551 0.96557113
552 0.96644356
553 0.96732182
554 0.96820575
555 0.96909505
556 0.96998929
557 0.97088796
558 0.97179047
559 0.97269695
560 0.9736082
561 0.97452088
562 0.97543395
563 0.9763463
564 0.97725687
565 0.97816465
566 0.97906866
567 0.97996804
568 0.98086167
569 0.98174843
570 0.98262766
571 0.98349826
572 0.98435882
573 0.98520805
574 0.98604473
575 0.98686772
576 0.98767595
577 0.98846834
578 0.98924384
579 0.99000431
580 0.99074482
581 0.99147157
582 0.99218041
583 0.99286419
584 0.99352146
585 0.99415077
586 0.99475084
587 0.99532045
588 0.99585854
589 0.99636412
590 0.99683631
591 0.99727428
592 0.99767741
593 0.99804517
594 0.99837714
595 0.99867289
596 0.99893219
597 0.99915695
598 0.99934411
599 0.99949287
600 0.99960346
601 0.99967571
602 0.99970932
603 0.99970406
604 0.99965945
605 0.9995751
606 0.99945073
607 0.99928606
608 0.99908092
609 0.99883538
610 0.99854973
611 0.99822481
612 0.99786231
613 0.99746198
614 0.99702497
615 0.99655277
616 0.99604678
617 0.99550822
618 0.99493812
619 0.99433745
620 0.99370716
621 0.99304845
622 0.99236286
623 0.99165186
624 0.9909155
625 0.99015494
626 0.98937134
627 0.98856585
628 0.98773969
629 0.98689404
630 0.9860317
631 0.98515276
632 0.98425821
633 0.98334942
634 0.98242782
635 0.98149486
636 0.98055224
637 0.97960414
638 0.97864885
639 0.97768687
640 0.97671852
641 0.97574405
642 0.97476369
643 0.97377778
644 0.97278688
645 0.97179182
646 0.97079651
647 0.96980201
648 0.96880725
649 0.96781369
650 0.96682274
651 0.96584002
652 0.96486169
653 0.96388796
654 0.96291929
655 0.96195621
656 0.96099934
657 0.96004937
658 0.95910696
659 0.95817275
660 0.95724739
661 0.95633155
662 0.95542586
663 0.95453098
664 0.95364754
665 0.95277621
666 0.95191762
667 0.95107245
668 0.95024128
669 0.94942464
670 0.94862414
671 0.94783964
672 0.94707134
673 0.9463198
674 0.94558557
675 0.94486922
676 0.94417138
677 0.9434926
678 0.94283348
679 0.94219438
680 0.94157556
681 0.94097714
682 0.94039912
683 0.93984163
684 0.93930507
685 0.93879013
686 0.93829753
687 0.93782866
688 0.93738477
689 0.93696397
690 0.9365661
691 0.9361916
692 0.93584128
693 0.93551504
694 0.93521367
695 0.93493814
696 0.93468951
697 0.93446799
698 0.93427378
699 0.93410596
700 0.93396389
701 0.93384898
702 0.93376093
703 0.93369933
704 0.93366345
705 0.93365423
706 0.93367175
707 0.93371886
708 0.93379632
709 0.93390019
710 0.93403065
711 0.93418726
712 0.93437049
713 0.93458028
714 0.93481667
715 0.93507929
716 0.93536748
717 0.93568095
718 0.93601928
719 0.93638274
720 0.93677168
721 0.93718981
722 0.93763371
723 0.93810366
724 0.93859987
725 0.93912261
726 0.93967175
727 0.94024889
728 0.9408535
729 0.94148346
730 0.94213803
731 0.94281691
732 0.94351964
733 0.94424618
734 0.94499622
735 0.9457694
736 0.94656621
737 0.94738641
738 0.94822707
739 0.94908738
740 0.94996667
741 0.95086443
742 0.95178056
743 0.95271472
744 0.95366847
745 0.95464042
746 0.95562944
747 0.95663489
748 0.95765625
749 0.95869289
750 0.95974429
751 0.96080983
752 0.9618888
753 0.96298053
754 0.96408423
755 0.96519975
756 0.96632843
757 0.96746615
758 0.96861159
759 0.96976346
760 0.97092044
761 0.97208122
762 0.97324454
763 0.97440912
764 0.97557373
765 0.97673723
766 0.97789848
767 0.97905637
768 0.98020982
769 0.98135765
770 0.9824986
771 0.98363699
772 0.9847652
773 0.98588061
774 0.98698091
775 0.98806401
776 0.98912767
777 0.99016994
778 0.99118895
779 0.99218319
780 0.99315118
781 0.9940917
782 0.9950036
783 0.99588538
784 0.99673556
785 0.99755253
786 0.9983349
787 0.99908465
788 0.99979694
789 1.0004708
790 1.0011058
791 1.0017009
792 1.0022546
793 1.0027658
794 1.0032331
795 1.0036549
796 1.0040298
797 1.0043562
798 1.0046327
799 1.0048586
800 1.0050335
801 1.0051571
802 1.0052372
803 1.0052666
804 1.005245
805 1.0051729
806 1.0050505
807 1.0048778
808 1.0046554
809 1.0043841
810 1.0040643
811 1.0036971
812 1.0032834
813 1.0028242
814 1.0023205
815 1.0017733
816 1.0011837
817 1.0005561
818 0.99988902

